-0.006744099390266101    944.0
-0.009139665990864243    989.0
-0.01043606599710456    985.0
-0.01065782842275853    995.0
-0.01144444770881492    1030.0
-0.009095074571871642    826.0
-0.004494363847330263    1028.0
-0.010305280885949841    1175.0
-0.011581537024772715    756.0
-0.01130863692720041    1080.0
-0.010580768550113362    672.0
0.0    0.0
0.0    0.0
0.0    0.0
0.0    0.0
0.0    0.0
0.0    0.0
0.0    0.0
0.0    0.0
0.0    0.0
0.0    0.0
0.0    0.0
0.0    0.0
0.0    0.0
0.0    0.0
0.0    0.0
0.0    0.0
0.0    0.0
0.0    0.0
0.0    0.0
0.0    0.0
-0.010328214923422507    986.0
-0.010916987299346204    1033.0
-0.009951018533584488    1006.0
-0.009386160852187686    1001.0
-0.011081595566494684    1028.0
-0.011617774651512036    1010.0
-0.006844911335321058    983.0
-0.01025748952228156    988.0
-0.010919020188950412    1013.0
-0.010405758172211677    1017.0
-0.011673956520596107    1004.0
-0.01007116818890097    984.0
-0.008487209625222647    988.0
-0.009079441533756949    1053.0
-0.009124708194107711    1028.0
-0.010951168958747814    1018.0
-0.010221161877744578    1009.0
-0.011246373621204953    1023.0
-0.009399299545748363    1018.0
-0.009349828180347686    1017.0
-0.008627637376925179    1015.0
-0.008453293186185817    1042.0
-0.010527157550860977    1035.0
-0.010059168784025019    1012.0
-0.009308730973543788    998.0
-0.010040277696390376    999.0
-0.011231206356875134    1007.0
-0.010055666419511056    1015.0
-0.010330185033069483    1011.0
-0.01055002554346629    973.0
-0.00845549865220363    966.0
-0.011247982069598095    1055.0
-0.010243799600068826    1035.0
-0.009891572139039795    1018.0
-0.00928350519268406    991.0
-0.009909711260021936    1020.0
-0.009837265614081048    1016.0
-0.010495191602387877    401.0
0.0    0.0
0.0    0.0
-0.011127130681856556    176.0
-0.011278062569743952    1058.0
-0.011700541106009155    1061.0
-0.009136696624310048    1012.0
-0.010292844230932019    1010.0
-0.010437219296377975    1008.0
-0.010676417869419197    1013.0
-0.00845045749520068    1023.0
-0.010026149620756541    1060.0
-0.011064360463578282    1015.0
-0.008951372817918468    1019.0
-0.010802269607609105    1056.0
-0.011014250040602747    1040.0
-0.009460458974984931    1024.0
-0.01044370433484687    1073.0
-0.20585530344825997    145.0
-0.8596365063367699    146.0
-0.8619449343065639    137.0
-0.860239194968571    159.0
-0.8622681066665905    150.0
-0.8501615248226102    141.0
-0.8623981725815497    135.0
-0.839753926573465    143.0
-0.8404779803236977    138.0
0.0    0.0
0.0    0.0
0.0    0.0
0.0    0.0
0.0    0.0
0.0    0.0
0.0    0.0
0.0    0.0
0.0    0.0
0.0    0.0
0.0    0.0
0.0    0.0
0.0    0.0
0.0    0.0
0.0    0.0
0.0    0.0
0.0    0.0
0.0    0.0
0.0    0.0
0.0    0.0
0.0    0.0
0.0    0.0
0.0    0.0
0.0    0.0
0.0    0.0
0.0    0.0
0.0    0.0
0.0    0.0
0.0    0.0
0.0    0.0
0.0    0.0
0.0    0.0
0.0    0.0
0.0    0.0
0.0    0.0
0.0    0.0
0.0    0.0
0.0    0.0
0.0    0.0
0.0    0.0
0.0    0.0
0.0    0.0
0.0    0.0
0.0    0.0
0.0    0.0
0.0    0.0
0.0    0.0
0.0    0.0
0.0    0.0
0.0    0.0
0.0    0.0
0.0    0.0
0.0    0.0
0.0    0.0
0.0    0.0
0.0    0.0
0.0    0.0
0.0    0.0
0.0    0.0
0.0    0.0
0.0    0.0
0.0    0.0
0.0    0.0
0.0    0.0
0.0    0.0
0.0    0.0
0.0    0.0
0.0    0.0
0.0    0.0
0.0    0.0
0.0    0.0
0.0    0.0
0.0    0.0
0.0    0.0
0.0    0.0
0.0    0.0
0.0    0.0
0.0    0.0
0.0    0.0
0.0    0.0
0.0    0.0
0.0    0.0
0.0    0.0
0.0    0.0
0.0    0.0
0.0    0.0
0.0    0.0
0.0    0.0
0.0    0.0
0.0    0.0
0.0    0.0
0.0    0.0
0.0    0.0
0.0    0.0
0.0    0.0
0.0    0.0
0.0    0.0
0.0    0.0
0.0    0.0
0.0    0.0
0.0    0.0
0.0    0.0
0.0    0.0
0.0    0.0
0.0    0.0
