7.471478896048378E-5    1171.0
-2.3526444250721035E-4    1592.0
-2.866861311723312E-4    1952.0
8.765288917800262E-5    2153.0
-2.4529889974367336E-5    2840.0
-5.639602540519206E-6    2769.0
1.587830359479625E-4    4876.0
2.3282672223956524E-5    5635.0
-1.9202051208466742E-4    2389.0
7.583369134422924E-6    2552.0
1.5849200193684965E-4    1570.0
0.0    0.0
0.0    0.0
0.0    0.0
0.0    0.0
0.0    0.0
0.0    0.0
0.0    0.0
0.0    0.0
0.0    0.0
0.0    0.0
0.0    0.0
0.0    0.0
0.0    0.0
0.0    0.0
0.0    0.0
0.0    0.0
0.0    0.0
0.0    0.0
0.0    0.0
0.0    0.0
-4.009658747960998E-5    2057.0
1.8316934194473333E-4    2112.0
-3.4214062169724E-4    1847.0
-7.721846566255408E-5    1859.0
1.8867176232362226E-4    2022.0
-9.900125463957465E-5    1821.0
1.5287315700618365E-4    1471.0
3.4014544239369116E-4    1647.0
2.1198500263608366E-4    1874.0
2.256525228503392E-4    1874.0
4.529444497407553E-4    1801.0
3.833255519936074E-4    1585.0
3.251335033809255E-4    1696.0
2.73919279223378E-4    2251.0
7.799115062709916E-4    1977.0
1.9005735030930282E-4    1595.0
8.205251832009708E-4    1836.0
6.192868999903567E-4    1835.0
6.937791178032171E-4    1830.0
4.4908305950031036E-4    2230.0
7.686651317584392E-5    2221.0
1.27824531844567E-4    2308.0
6.711621892350195E-4    2182.0
6.658121535210171E-4    1881.0
5.445070509395578E-4    1631.0
8.462306160836874E-4    1659.0
6.352555779400859E-4    1761.0
3.2857557449261776E-4    1749.0
6.625340393142665E-4    2004.0
3.938928588453905E-4    1675.0
5.882850487424207E-4    1846.0
3.417169279273935E-4    2651.0
8.472231423013454E-4    2047.0
7.313510046458305E-4    1919.0
9.78057565959034E-4    1530.0
2.9308641154557336E-4    1628.0
7.885379600480746E-4    2003.0
7.504300330083424E-4    810.0
0.0    0.0
0.0    0.0
6.254520343560444E-4    407.0
7.012368946561764E-4    2973.0
0.0010132222728884699    2440.0
7.294991467148293E-4    1787.0
4.099141034288323E-4    1610.0
9.550203792656475E-4    1786.0
7.9613078236207E-4    1751.0
5.835924479526966E-4    1979.0
5.536949326767626E-4    2470.0
7.256531763317753E-4    2427.0
8.529001105728184E-4    1812.0
9.112294714270774E-4    2459.0
0.0012246456260953664    2412.0
0.0010640757861040129    2405.0
9.365121080548988E-4    2865.0
0.0011110505531064518    2139.0
6.233264935673333E-4    1905.0
6.120889935772311E-4    2352.0
9.376870780926083E-4    2221.0
6.282814670441894E-4    1637.0
8.794156529745578E-4    1600.0
0.0010299546645740065    1995.0
0.0011681349529339968    1994.0
8.188840341603054E-4    1833.0
0.0    0.0
0.0    0.0
0.0    0.0
0.0    0.0
0.0    0.0
0.0    0.0
0.0    0.0
0.0    0.0
0.0    0.0
0.0    0.0
0.0    0.0
0.0    0.0
0.0    0.0
0.0    0.0
0.0    0.0
0.0    0.0
0.0    0.0
0.0    0.0
0.0    0.0
0.0    0.0
0.0    0.0
0.0    0.0
0.0    0.0
0.0    0.0
0.0    0.0
0.0    0.0
0.0    0.0
0.0    0.0
0.0    0.0
0.0    0.0
0.0    0.0
0.0    0.0
0.0    0.0
0.0    0.0
0.0    0.0
0.0    0.0
0.0    0.0
0.0    0.0
0.0    0.0
0.0    0.0
0.0    0.0
0.0    0.0
0.0    0.0
0.0    0.0
0.0    0.0
0.0    0.0
0.0    0.0
0.0    0.0
0.0    0.0
0.0    0.0
0.0    0.0
0.0    0.0
0.0    0.0
0.0    0.0
0.0    0.0
0.0    0.0
0.0    0.0
0.0    0.0
0.0    0.0
0.0    0.0
0.0    0.0
0.0    0.0
0.0    0.0
0.0    0.0
0.0    0.0
0.0    0.0
0.0    0.0
0.0    0.0
0.0    0.0
0.0    0.0
0.0    0.0
0.0    0.0
0.0    0.0
0.0    0.0
0.0    0.0
0.0    0.0
0.0    0.0
0.0    0.0
0.0    0.0
0.0    0.0
0.0    0.0
0.0    0.0
0.0    0.0
0.0    0.0
0.0    0.0
0.0    0.0
0.0    0.0
0.0    0.0
0.0    0.0
0.0    0.0
0.0    0.0
0.0    0.0
0.0    0.0
0.0    0.0
0.0    0.0
0.0    0.0
0.0    0.0
0.0    0.0
0.0    0.0
0.0    0.0
0.0    0.0
0.0    0.0
0.0    0.0
0.0    0.0
0.0    0.0
