-0.00779998670603288    921.0
-0.01070225360825039    970.0
-0.011354540324894913    960.0
-0.011098039133012882    966.0
-0.010252609566073545    1021.0
-0.008236597107963206    812.0
-0.003615148064624485    1016.0
-0.008943370391677696    1169.0
-0.010327955227889873    746.0
-0.011065130668669099    1065.0
-0.011181079632471835    653.0
0.0    0.0
0.0    0.0
0.0    0.0
0.0    0.0
0.0    0.0
0.0    0.0
0.0    0.0
0.0    0.0
0.0    0.0
0.0    0.0
0.0    0.0
0.0    0.0
0.0    0.0
0.0    0.0
0.0    0.0
0.0    0.0
0.0    0.0
0.0    0.0
0.0    0.0
0.0    0.0
-0.01100625685585399    960.0
-0.01109700025076421    1001.0
-0.009631874091276416    968.0
-0.010240483146063184    979.0
-0.010794050796860688    1004.0
-0.011139740895735883    987.0
-0.008381939990648846    948.0
-0.011219648891312772    966.0
-0.010855939086248156    985.0
-0.010346627016076582    992.0
-0.010620270214936056    977.0
-0.010582713935875177    963.0
-0.008471979656142992    963.0
-0.00981491361130793    1030.0
-0.009585941116185381    1010.0
-0.009763112624497694    992.0
-0.0104146155633984    982.0
-0.011573660320799206    998.0
-0.010307746334319745    993.0
-0.012545618137188796    999.0
-0.009223623981895912    992.0
-0.009589568750570265    1019.0
-0.01021628069346292    1027.0
-0.010081179493099057    989.0
-0.010152665297674446    974.0
-0.00983789236616417    974.0
-0.010136596138409004    986.0
-0.010069809336421542    999.0
-0.010389026963181891    992.0
-0.01015772910053414    945.0
-0.009745474256376951    938.0
-0.0104888220063728    1036.0
-0.008910407491569572    1014.0
-0.009269443714487124    1001.0
-0.010163940054823684    967.0
-0.009618786368307042    983.0
-0.009031846795977572    1005.0
-0.00990788917526686    388.0
0.0    0.0
0.0    0.0
-0.010683465388282798    171.0
-0.010131257961901952    1044.0
-0.009622008835464158    1040.0
-0.00847676523029861    990.0
-0.009713570850266251    988.0
-0.00973618131159526    988.0
-0.010202986642454448    995.0
-0.010103917885075475    993.0
-0.010270814825304342    1051.0
-0.00998965477677416    1031.0
-0.008964878068127291    990.0
-0.009706881691855074    1029.0
-0.009714586785989354    1020.0
-0.00812193836395636    1001.0
-0.009218184198800827    1048.0
-0.2062811597222236    144.0
-0.8537469920357381    143.0
-0.8566568496240734    133.0
-0.8565887188878065    156.0
-0.8611617113367771    145.0
-0.8536388043478382    138.0
-0.8497618888889207    135.0
-0.8409981224490366    147.0
-0.8563559924812694    133.0
0.0    0.0
0.0    0.0
0.0    0.0
0.0    0.0
0.0    0.0
0.0    0.0
0.0    0.0
0.0    0.0
0.0    0.0
0.0    0.0
0.0    0.0
0.0    0.0
0.0    0.0
0.0    0.0
0.0    0.0
0.0    0.0
0.0    0.0
0.0    0.0
0.0    0.0
0.0    0.0
0.0    0.0
0.0    0.0
0.0    0.0
0.0    0.0
0.0    0.0
0.0    0.0
0.0    0.0
0.0    0.0
0.0    0.0
0.0    0.0
0.0    0.0
0.0    0.0
0.0    0.0
0.0    0.0
0.0    0.0
0.0    0.0
0.0    0.0
0.0    0.0
0.0    0.0
0.0    0.0
0.0    0.0
0.0    0.0
0.0    0.0
0.0    0.0
0.0    0.0
0.0    0.0
0.0    0.0
0.0    0.0
0.0    0.0
0.0    0.0
0.0    0.0
0.0    0.0
0.0    0.0
0.0    0.0
0.0    0.0
0.0    0.0
0.0    0.0
0.0    0.0
0.0    0.0
0.0    0.0
0.0    0.0
0.0    0.0
0.0    0.0
0.0    0.0
0.0    0.0
0.0    0.0
0.0    0.0
0.0    0.0
0.0    0.0
0.0    0.0
0.0    0.0
0.0    0.0
0.0    0.0
0.0    0.0
0.0    0.0
0.0    0.0
0.0    0.0
0.0    0.0
0.0    0.0
0.0    0.0
0.0    0.0
0.0    0.0
0.0    0.0
0.0    0.0
0.0    0.0
0.0    0.0
0.0    0.0
0.0    0.0
0.0    0.0
0.0    0.0
0.0    0.0
0.0    0.0
0.0    0.0
0.0    0.0
0.0    0.0
0.0    0.0
0.0    0.0
0.0    0.0
0.0    0.0
0.0    0.0
0.0    0.0
0.0    0.0
0.0    0.0
0.0    0.0
0.0    0.0
